0000000000000000000000000
0000000000000000001000001
0000000000000000000100011
1000000011000010000000100
1000000100000010000000101
1000000101000010000000110
1000000110000010000000111
0000000000000000000101001
1000000001010010000001010
0000000000000000001100001
1000000001010100000001011
0000000000000000010000001
1000000001010110000001100
1100000110010010001101110
1100000110010010010001111
1100000110010100010110000
1100000110010110011010001
1100000110011000011110010
1100001111000110111001110
1100001111001000111101111
1100001111001011000010000
1100001111001101000110001
1100001111001111001010010